Task: predict this student's next submitted attempt n+1.

How to read the payload:
- Attempts are ordered from oldest to newest.
- The execution result is the authoritative grading result for each submitted attempt.
- Each attempt includes the exact code buffer at the start of that attempt block.
- Each edit segment is lossless raw CodeMirror change data rendered as TSV with a legend.
- `event_time_delta_ms` means milliseconds since the first trace event in that attempt.
- `from_line/from_ch/to_line/to_ch` are the raw CodeMirror coordinates.
- `inserted_text_json` and `removed_text_json` keep the exact inserted and removed text as JSON arrays.
- `edit_origin` is the raw CodeMirror origin string.
- Local runs include raw output and the exact code snapshot after the run.
- Submit anchors include raw feedback and the exact code snapshot at submit.
- Some attempts may contain repeated submits with no edits between them. Treat that as real behavior, not as noise.

Return exactly 3 hypotheses.

Each hypothesis must include:
- a short label
- a probability
- the full predicted code for the next submitted attempt
- a predicted next trajectory with 1 to 8 coarse steps

The priority order is:
1. get the next submitted code right
2. get the rough next trajectory right

For each predicted trajectory step:
- use `action_type` from this set only: `edit`, `local_run`, `submit`
- for `edit`, set `target_start_line_0idx` and `target_end_line_0idx` to one coarse line span in the predicted next code
- for `local_run` and `submit`, set both target line fields to `-1`
- repeated `edit` and repeated `local_run` steps are allowed
- every trajectory must end with `submit`
- do not try to predict every raw event; this path should stay coarse

Do not invent exercise requirements that are not supported by the visible evidence.

SOURCE
- class_id: 563
- assessment_id: 5373
- assessment_title: Lab 4 – Repetição por Condição (while)
- exercise_id: 6042
- student_id: 9211
- condition: full
- visible_transition_index_0idx: 2
- visible_attempt_indices_0idx: [0,1,2]
- prediction_target_attempt_index_0idx: 3
- alignment_policy: visible_narrow_normalized_unique_monotonic__target_immediate_next_submit_block_narrow_normalized_unique__coarse_path_requires_real_edit_and_final_submit

PREDICTION TARGET
- attempt_index_0idx: 3
- task: Predict the next submitted attempt after the visible history.

VISIBLE ATTEMPTS
## Attempt 0

- aligned_submit_index_0idx: 0

- trace_base_timestamp: 2024-02-06T15:22:27.796000

Execution Result

- submitted_at: 2024-02-06 15:35:36
- grade: 0.0
- pass_count: 0
- failed_test_indices_0idx: [0,1,2]
- test_outcome: all_fail
- test_results:
  - test_index_0idx: 0 [FAIL]
    input: "-525\n1075\n333\n-9\n-1"
    expected: "4\n874"
    actual: ""
  - test_index_0idx: 1 [FAIL]
    input: "0\n0\n0\n0\n0\n0\n0\n-1"
    expected: "7\n0"
    actual: ""
  - test_index_0idx: 2 [FAIL]
    input: "10953\n32653\n-10953\n-1"
    expected: "3\n32653"
    actual: "1 10953\n2 43606"

Attempt Start Code
```python

```

Trace Timeline

Edit Segment 1
- raw_change_event_count: 87
TSV columns: event_time_delta_ms	raw_log_line	from_line	from_ch	to_line	to_ch	inserted_text_json	removed_text_json	edit_origin
event_time_delta_ms	raw_log_line	from_line	from_ch	to_line	to_ch	inserted_text_json	removed_text_json	edit_origin
0	10	0	0	0	0	["n"]	[""]	+input
831	14	0	1	0	1	[" "]	[""]	+input
1566	18	0	2	0	2	["="]	[""]	+input
1741	22	0	3	0	3	[" "]	[""]	+input
2999	26	0	4	0	4	["i"]	[""]	+input
3157	30	0	5	0	5	["n"]	[""]	+input
3393	34	0	6	0	6	["t"]	[""]	+input
5105	39	0	7	0	7	["()"]	[""]	+input
5967	45	0	8	0	8	["i"]	[""]	+input
6175	49	0	9	0	9	["n"]	[""]	+input
6880	53	0	10	0	10	["p"]	[""]	+input
7734	57	0	11	0	11	["u"]	[""]	+input
7919	61	0	12	0	12	["t"]	[""]	+input
8877	66	0	13	0	13	["()"]	[""]	+input
9714	73	0	14	0	14	["\"\""]	[""]	+input
10590	79	0	15	0	15	["i"]	[""]	+input
10835	83	0	16	0	16	["n"]	[""]	+input
11310	87	0	17	0	17	["f"]	[""]	+input
11421	91	0	18	0	18	["o"]	[""]	+input
11853	95	0	19	0	19	["r"]	[""]	+input
12064	99	0	20	0	20	["m"]	[""]	+input
12301	103	0	21	0	21	["o"]	[""]	+input
12543	107	0	22	0	22	[" "]	[""]	+input
13280	110	0	22	0	23	[""]	[" "]	+delete
13453	114	0	21	0	22	[""]	["o"]	+delete
14190	119	0	21	0	21	["e"]	[""]	+input
14525	123	0	22	0	22	[" "]	[""]	+input
15055	127	0	23	0	23	["u"]	[""]	+input
16464	130	0	23	0	24	[""]	["u"]	+delete
18597	135	0	23	0	23	["o"]	[""]	+input
18781	139	0	24	0	24	["s"]	[""]	+input
19247	143	0	25	0	25	[" "]	[""]	+input
20574	146	0	25	0	26	[""]	[" "]	+delete
20830	150	0	24	0	25	[""]	["s"]	+delete
21052	154	0	23	0	24	[""]	["o"]	+delete
23294	159	0	23	0	23	["o"]	[""]	+input
23517	163	0	24	0	24	["s"]	[""]	+input
23885	167	0	25	0	25	[" "]	[""]	+input
24350	171	0	26	0	26	["n"]	[""]	+input
24768	175	0	27	0	27	["u"]	[""]	+input
25053	179	0	28	0	28	["m"]	[""]	+input
25405	183	0	29	0	29	["e"]	[""]	+input
25597	187	0	30	0	30	["r"]	[""]	+input
25757	191	0	31	0	31	["o"]	[""]	+input
26654	195	0	32	0	32	["e"]	[""]	+input
29392	198	0	32	0	33	[""]	["e"]	+delete
29533	203	0	32	0	32	["s"]	[""]	+input
31711	215	0	36	0	36	["",""]	[""]	+input
43475	221	1	0	1	0	["s"]	[""]	+input
43564	225	1	1	1	1	["o"]	[""]	+input
43869	229	1	2	1	2	["m"]	[""]	+input
44015	233	1	3	1	3	["o"]	[""]	+input
44943	236	1	3	1	4	[""]	["o"]	+delete
45232	241	1	3	1	3	["a"]	[""]	+input
46622	245	1	4	1	4	[" "]	[""]	+input
46732	249	1	5	1	5	["="]	[""]	+input
46909	253	1	6	1	6	[" "]	[""]	+input
47630	257	1	7	1	7	["0"]	[""]	+input
48105	261	1	8	1	8	[" "]	[""]	+input
49391	264	1	9	1	9	["",""]	[""]	+input
136797	274	2	0	2	0	["c"]	[""]	+input
136972	278	2	1	2	1	["o"]	[""]	+input
137244	282	2	2	2	2	["n"]	[""]	+input
137516	286	2	3	2	3	["t"]	[""]	+input
138143	290	2	4	2	4	[" "]	[""]	+input
138303	294	2	5	2	5	["="]	[""]	+input
138485	298	2	6	2	6	[" "]	[""]	+input
139164	302	2	7	2	7	["0"]	[""]	+input
139387	306	2	8	2	8	[" "]	[""]	+input
140028	309	2	9	2	9	["",""]	[""]	+input
141356	315	3	0	3	0	["w"]	[""]	+input
141691	319	3	1	3	1	["h"]	[""]	+input
141899	323	3	2	3	2	["i"]	[""]	+input
142166	327	3	3	3	3	["l"]	[""]	+input
142588	331	3	4	3	4	["e"]	[""]	+input
143310	335	3	5	3	5	[" "]	[""]	+input
147996	339	3	6	3	6	["n"]	[""]	+input
159170	343	3	6	3	7	[""]	["n"]	+delete
160175	349	3	6	3	6	["()"]	[""]	+input
174256	356	3	7	3	7	[">"]	[""]	+input
181206	361	3	8	3	8	[" "]	[""]	+input
182395	365	3	9	3	9	["-"]	[""]	+input
182550	369	3	10	3	10	["1"]	[""]	+input
188412	377	3	12	3	12	[":"]	[""]	+input
190060	381	3	13	3	13	["",""]	[""]	+input
190060	382	4	0	4	0	["\t"]	[""]	+input
199901	394	3	8	3	9	[""]	[" "]	+delete

Local Run 1
- event_time_delta_ms: 203391
- raw_log_line: 403
- command: "$ python3 main.py"
Code After This Local Run
```python
n = int(input("informe os numeros"))
soma = 0 
cont = 0 
while (>-1):
	
```
Run Output
```text
File "main.py", line 4
while (>-1):
SyntaxError: invalid syntax
```

Edit Segment 2
- raw_change_event_count: 88
TSV columns: event_time_delta_ms	raw_log_line	from_line	from_ch	to_line	to_ch	inserted_text_json	removed_text_json	edit_origin
event_time_delta_ms	raw_log_line	from_line	from_ch	to_line	to_ch	inserted_text_json	removed_text_json	edit_origin
210748	407	3	9	3	10	[""]	["1"]	+delete
210922	411	3	8	3	9	[""]	["-"]	+delete
211066	415	3	7	3	8	[""]	[">"]	+delete
225932	422	3	7	3	7	["n"]	[""]	+input
227883	427	3	8	3	8	[">"]	[""]	+input
228491	431	3	8	3	9	[""]	[">"]	+delete
231899	437	3	8	3	8	["<"]	[""]	+input
233035	441	3	8	3	9	[""]	["<"]	+delete
233758	447	3	8	3	8	[">"]	[""]	+input
235456	452	3	9	3	9	["-"]	[""]	+input
235611	456	3	10	3	10	["1"]	[""]	+input
238255	469	3	8	3	8	[" "]	[""]	+input
245051	478	3	14	3	14	["",""]	[""]	+input
245051	479	4	0	4	0	["\t"]	[""]	+input
272026	485	4	1	4	1	["s"]	[""]	+input
272138	489	4	2	4	2	["o"]	[""]	+input
272378	493	4	3	4	3	["m"]	[""]	+input
273051	497	4	4	4	4	["a"]	[""]	+input
273867	501	4	5	4	5	[" "]	[""]	+input
273962	505	4	6	4	6	["="]	[""]	+input
274090	509	4	7	4	7	[" "]	[""]	+input
323195	515	4	8	4	8	["s"]	[""]	+input
323363	519	4	9	4	9	["o"]	[""]	+input
323641	523	4	10	4	10	["m"]	[""]	+input
323785	527	4	11	4	11	["a"]	[""]	+input
370156	534	4	12	4	12	[" "]	[""]	+input
370996	538	4	13	4	13	["="]	[""]	+input
371946	541	4	13	4	14	[""]	["="]	+delete
372488	546	4	13	4	13	["+"]	[""]	+input
373437	550	4	14	4	14	["1"]	[""]	+input
375769	557	4	14	4	14	[" "]	[""]	+input
391169	561	4	16	4	16	["",""]	[""]	+input
391170	562	5	0	5	0	["\t"]	[""]	+input
410521	572	4	4	4	5	[""]	["a"]	+delete
410856	576	4	3	4	4	[""]	["m"]	+delete
411080	580	4	2	4	3	[""]	["o"]	+delete
411304	584	4	1	4	2	[""]	["s"]	+delete
412264	589	4	1	4	1	["c"]	[""]	+input
412392	593	4	2	4	2	["o"]	[""]	+input
412673	597	4	3	4	3	["n"]	[""]	+input
413064	601	4	4	4	4	["t"]	[""]	+input
415292	621	4	11	4	12	[""]	["a"]	+delete
415447	625	4	10	4	11	[""]	["m"]	+delete
415575	629	4	9	4	10	[""]	["o"]	+delete
415784	633	4	8	4	9	[""]	["s"]	+delete
416625	638	4	8	4	8	["c"]	[""]	+input
416841	642	4	9	4	9	["o"]	[""]	+input
417145	646	4	10	4	10	["n"]	[""]	+input
417353	650	4	11	4	11	["t"]	[""]	+input
419926	665	4	16	4	16	["",""]	[""]	+input
419926	666	5	0	5	0	["\t"]	[""]	+input
425184	674	5	1	5	1	["s"]	[""]	+input
425305	678	5	2	5	2	["o"]	[""]	+input
425592	682	5	3	5	3	["m"]	[""]	+input
426603	686	5	4	5	4	["a"]	[""]	+input
427232	690	5	5	5	5	[" "]	[""]	+input
427352	694	5	6	5	6	["="]	[""]	+input
427545	698	5	7	5	7	[" "]	[""]	+input
428459	702	5	8	5	8	["s"]	[""]	+input
428585	706	5	9	5	9	["o"]	[""]	+input
428824	710	5	10	5	10	["m"]	[""]	+input
429000	714	5	11	5	11	["a"]	[""]	+input
429816	718	5	12	5	12	[" "]	[""]	+input
440440	724	5	13	5	13	["="]	[""]	+input
441464	727	5	13	5	14	[""]	["="]	+delete
442088	732	5	13	5	13	["+"]	[""]	+input
443720	736	5	14	5	14	[" "]	[""]	+input
444298	740	5	15	5	15	["n"]	[""]	+input
447816	743	5	16	5	16	["",""]	[""]	+input
447816	744	6	0	6	0	["\t"]	[""]	+input
452297	752	6	1	6	1	["p"]	[""]	+input
452440	756	6	2	6	2	["r"]	[""]	+input
453225	760	6	3	6	3	["i"]	[""]	+input
453480	764	6	4	6	4	["n"]	[""]	+input
453752	768	6	5	6	5	["t"]	[""]	+input
454584	773	6	6	6	6	["()"]	[""]	+input
493947	781	6	7	6	7	["c"]	[""]	+input
494087	785	6	8	6	8	["o"]	[""]	+input
494920	789	6	9	6	9	["n"]	[""]	+input
495160	793	6	10	6	10	["t"]	[""]	+input
496585	797	6	11	6	11	[" "]	[""]	+input
496686	800	6	12	6	12	[","]	[""]	+input
496894	805	6	13	6	13	[" "]	[""]	+input
497848	809	6	14	6	14	["s"]	[""]	+input
498024	813	6	15	6	15	["o"]	[""]	+input
498295	817	6	16	6	16	["m"]	[""]	+input
499336	821	6	17	6	17	["a"]	[""]	+input
500136	825	6	18	6	18	[" "]	[""]	+input

Local Run 2
- event_time_delta_ms: 501744
- raw_log_line: 831
- command: "$ python3 main.py"
Code After This Local Run
```python
n = int(input("informe os numeros"))
soma = 0 
cont = 0 
while (n >-1):
	cont = cont + 1
	soma = soma + n
	print(cont , soma )
	
	
```
Run Output
```text
File "main.py", line 6
SyntaxError: unexpected EOF while parsing
```

Edit Segment 3
- raw_change_event_count: 4
TSV columns: event_time_delta_ms	raw_log_line	from_line	from_ch	to_line	to_ch	inserted_text_json	removed_text_json	edit_origin
event_time_delta_ms	raw_log_line	from_line	from_ch	to_line	to_ch	inserted_text_json	removed_text_json	edit_origin
527416	837	3	10	3	11	[""]	["-"]	+delete
528810	842	3	10	3	10	[" "]	[""]	+input
538951	854	3	11	3	12	[""]	["1"]	+delete
540217	859	3	11	3	11	["0"]	[""]	+input

Local Run 3
- event_time_delta_ms: 541469
- raw_log_line: 863
- command: "$ python3 main.py"
Code After This Local Run
```python
n = int(input("informe os numeros"))
soma = 0 
cont = 0 
while (n > 0):
	cont = cont + 1
	soma = soma + n
	print(cont , soma )
	
	
```
Run Output
```text

```

Local Run 4
- event_time_delta_ms: 551405
- raw_log_line: 1871
- command: "12936 12936"
Code After This Local Run
```python
n = int(input("informe os numeros"))
soma = 0 
cont = 0 
while (n > 0):
	cont = cont + 1
	soma = soma + n
	print(cont , soma )
	
	
```
Run Output
```text
12937 12937
12938 12938
12939 12939
12940 12940
12941 12941
12942 12942
12943 12943
12944 12944
12945 12945
12946 12946
12947 12947
12948 12948
12949 12949
12950 12950
12951 12951
12952 12952
12953 12953
12954 12954
12955 12955
12956 12956
12957 12957
12958 12958
12959 12959
12960 12960
12961 12961
12962 12962
12963 12963
12964 12964
12965 12965
12966 12966
12967 12967
12968 12968
12969 12969
12970 12970
12971 12971
12972 12972
12973 12973
12974 12974
12975 12975
12976 12976
12977 12977
12978 12978
12979 12979
12980 12980
12981 12981
12982 12982
12983 12983
12984 12984
12985 12985
12986 12986
12987 12987
12988 12988
12989 12989
12990 12990
12991 12991
12992 12992
12993 12993
12994 12994
12995 12995
12996 12996
12997 12997
12998 12998
12999 12999
13000 13000
13001 13001
13002 13002
13003 13003
13004 13004
13005 13005
13006 13006
13007 13007
13008 13008
13009 13009
13010 13010
13011 13011
13012 13012
13013 13013
13014 13014
13015 13015
13016 13016
13017 13017
13018 13018
13019 13019
13020 13020
13021 13021
13022 13022
13023 13023
13024 13024
13025 13025
13026 13026
13027 13027
13028 13028
13029 13029
13030 13030
13031 13031
13032 13032
13033 13033
13034 13034
13035 13035
13036 13036
13037 13037
13038 13038
13039 13039
13040 13040
13041 13041
13042 13042
13043 13043
13044 13044
13045 13045
13046 13046
13047 13047
13048 13048
13049 13049
13050 13050
13051 13051
13052 13052
13053 13053
13054 13054
13055 13055
13056 13056
13057 13057
13058 13058
13059 13059
13060 13060
13061 13061
13062 13062
13063 13063
13064 13064
13065 13065
13066 13066
13067 13067
13068 13068
13069 13069
13070 13070
13071 13071
13072 13072
13073 13073
13074 13074
13075 13075
13076 13076
13077 13077
13078 13078
13079 13079
13080 13080
13081 13081
13082 13082
13083 13083
13084 13084
13085 13085
13086 13086
13087 13087
13088 13088
13089 13089
13090 13090
13091 13091
13092 13092
13093 13093
13094 13094
13095 13095
13096 13096
13097 13097
13098 13098
13099 13099
13100 13100
13101 13101
13102 13102
13103 13103
13104 13104
13105 13105
13106 13106
13107 13107
13108 13108
13109 13109
13110 13110
13111 13111
13112 13112
13113 13113
13114 13114
13115 13115
13116 13116
13117 13117
13118 13118
13119 13119
13120 13120
13121 13121
13122 13122
13123 13123
13124 13124
13125 13125
13126 13126
13127 13127
13128 13128
13129 13129
13130 13130
13131 13131
13132 13132
13133 13133
13134 13134
13135 13135
13136 13136
13137 13137
13138 13138
13139 13139
13140 13140
13141 13141
13142 13142
13143 13143
13144 13144
13145 13145
13146 13146
13147 13147
13148 13148
13149 13149
13150 13150
13151 13151
13152 13152
13153 13153
13154 13154
13155 13155
13156 13156
13157 13157
13158 13158
13159 13159
13160 13160
13161 13161
13162 13162
13163 13163
13164 13164
13165 13165
13166 13166
13167 13167
13168 13168
13169 13169
13170 13170
13171 13171
13172 13172
13173 13173
13174 13174
13175 13175
13176 13176
13177 13177
13178 13178
13179 13179
13180 13180
13181 13181
13182 13182
13183 13183
13184 13184
13185 13185
13186 13186
13187 13187
13188 13188
13189 13189
13190 13190
13191 13191
13192 13192
13193 13193
13194 13194
13195 13195
13196 13196
13197 13197
13198 13198
13199 13199
13200 13200
13201 13201
13202 13202
13203 13203
13204 13204
13205 13205
13206 13206
13207 13207
13208 13208
13209 13209
13210 13210
13211 13211
13212 13212
13213 13213
13214 13214
13215 13215
13216 13216
13217 13217
13218 13218
13219 13219
13220 13220
13221 13221
13222 13222
13223 13223
13224 13224
13225 13225
13226 13226
13227 13227
13228 13228
13229 13229
13230 13230
13231 13231
13232 13232
13233 13233
13234 13234
13235 13235
13236 13236
13237 13237
13238 13238
13239 13239
13240 13240
13241 13241
13242 13242
13243 13243
13244 13244
13245 13245
13246 13246
13247 13247
13248 13248
13249 13249
13250 13250
13251 13251
13252 13252
13253 13253
13254 13254
13255 13255
13256 13256
13257 13257
13258 13258
13259 13259
13260 13260
13261 13261
13262 13262
13263 13263
13264 13264
13265 13265
13266 13266
13267 13267
13268 13268
13269 13269
13270 13270
13271 13271
13272 13272
13273 13273
13274 13274
13275 13275
13276 13276
13277 13277
13278 13278
13279 13279
13280 13280
13281 13281
13282 13282
13283 13283
13284 13284
13285 13285
13286 13286
13287 13287
13288 13288
13289 13289
13290 13290
13291 13291
13292 13292
13293 13293
13294 13294
13295 13295
13296 13296
13297 13297
13298 13298
13299 13299
13300 13300
13301 13301
13302 13302
13303 13303
13304 13304
13305 13305
13306 13306
13307 13307
13308 13308
13309 13309
13310 13310
13311 13311
13312 13312
13313 13313
13314 13314
13315 13315
13316 13316
13317 13317
13318 13318
13319 13319
13320 13320
13321 13321
13322 13322
13323 13323
13324 13324
13325 13325
13326 13326
13327 13327
13328 13328
13329 13329
13330 13330
13331 13331
13332 13332
13333 13333
13334 13334
13335 13335
13336 13336
13337 13337
13338 13338
13339 13339
13340 13340
13341 13341
13342 13342
13343 13343
13344 13344
13345 13345
13346 13346
13347 13347
13348 13348
13349 13349
13350 13350
13351 13351
13352 13352
13353 13353
13354 13354
13355 13355
13356 13356
13357 13357
13358 13358
13359 13359
13360 13360
13361 13361
13362 13362
13363 13363
13364 13364
13365 13365
13366 13366
13367 13367
13368 13368
13369 13369
13370 13370
13371 13371
13372 13372
13373 13373
13374 13374
13375 13375
13376 13376
13377 13377
13378 13378
13379 13379
13380 13380
13381 13381
13382 13382
13383 13383
13384 13384
13385 13385
13386 13386
13387 13387
13388 13388
13389 13389
13390 13390
13391 13391
13392 13392
13393 13393
13394 13394
13395 13395
13396 13396
13397 13397
13398 13398
13399 13399
13400 13400
13401 13401
13402 13402
13403 13403
13404 13404
13405 13405
13406 13406
13407 13407
13408 13408
13409 13409
13410 13410
13411 13411
13412 13412
13413 13413
13414 13414
13415 13415
13416 13416
13417 13417
13418 13418
13419 13419
13420 13420
13421 13421
13422 13422
13423 13423
13424 13424
13425 13425
13426 13426
13427 13427
13428 13428
13429 13429
13430 13430
13431 13431
13432 13432
13433 13433
13434 13434
13435 13435
13436 13436
13437 13437
13438 13438
13439 13439
13440 13440
13441 13441
13442 13442
13443 13443
13444 13444
13445 13445
13446 13446
13447 13447
13448 13448
13449 13449
13450 13450
13451 13451
13452 13452
13453 13453
13454 13454
13455 13455
13456 13456
13457 13457
13458 13458
13459 13459
13460 13460
13461 13461
13462 13462
13463 13463
13464 13464
13465 13465
13466 13466
13467 13467
13468 13468
13469 13469
13470 13470
13471 13471
13472 13472
13473 13473
13474 13474
13475 13475
13476 13476
13477 13477
13478 13478
13479 13479
13480 13480
13481 13481
13482 13482
13483 13483
13484 13484
13485 13485
13486 13486
13487 13487
13488 13488
13489 13489
13490 13490
13491 13491
13492 13492
13493 13493
13494 13494
13495 13495
13496 13496
13497 13497
13498 13498
13499 13499
13500 13500
13501 13501
13502 13502
13503 13503
13504 13504
13505 13505
13506 13506
13507 13507
13508 13508
13509 13509
13510 13510
13511 13511
13512 13512
13513 13513
13514 13514
13515 13515
13516 13516
13517 13517
13518 13518
13519 13519
13520 13520
13521 13521
13522 13522
13523 13523
13524 13524
13525 13525
13526 13526
13527 13527
13528 13528
13529 13529
13530 13530
13531 13531
13532 13532
13533 13533
13534 13534
13535 13535
13536 13536
13537 13537
13538 13538
13539 13539
13540 13540
13541 13541
13542 13542
13543 13543
13544 13544
13545 13545
13546 13546
13547 13547
13548 13548
13549 13549
13550 13550
13551 13551
13552 13552
13553 13553
13554 13554
13555 13555
13556 13556
13557 13557
13558 13558
13559 13559
13560 13560
13561 13561
13562 13562
13563 13563
13564 13564
13565 13565
13566 13566
13567 13567
13568 13568
13569 13569
13570 13570
13571 13571
13572 13572
13573 13573
13574 13574
13575 13575
13576 13576
13577 13577
13578 13578
13579 13579
13580 13580
13581 13581
13582 13582
13583 13583
13584 13584
13585 13585
13586 13586
13587 13587
13588 13588
13589 13589
13590 13590
13591 13591
13592 13592
13593 13593
13594 13594
13595 13595
13596 13596
13597 13597
13598 13598
13599 13599
13600 13600
13601 13601
13602 13602
13603 13603
13604 13604
13605 13605
13606 13606
13607 13607
13608 13608
13609 13609
13610 13610
13611 13611
13612 13612
13613 13613
13614 13614
13615 13615
13616 13616
13617 13617
13618 13618
13619 13619
13620 13620
13621 13621
13622 13622
13623 13623
13624 13624
13625 13625
13626 13626
13627 13627
13628 13628
13629 13629
13630 13630
13631 13631
13632 13632
13633 13633
13634 13634
13635 13635
13636 13636
13637 13637
13638 13638
13639 13639
13640 13640
13641 13641
13642 13642
13643 13643
13644 13644
13645 13645
13646 13646
13647 13647
13648 13648
13649 13649
13650 13650
13651 13651
13652 13652
13653 13653
13654 13654
13655 13655
13656 13656
13657 13657
13658 13658
13659 13659
13660 13660
13661 13661
13662 13662
13663 13663
13664 13664
13665 13665
13666 13666
13667 13667
13668 13668
13669 13669
13670 13670
13671 13671
13672 13672
13673 13673
13674 13674
13675 13675
13676 13676
13677 13677
13678 13678
13679 13679
13680 13680
13681 13681
13682 13682
13683 13683
13684 13684
13685 13685
13686 13686
13687 13687
13688 13688
13689 13689
13690 13690
13691 13691
13692 13692
13693 13693
13694 13694
13695 13695
13696 13696
13697 13697
13698 13698
13699 13699
13700 13700
13701 13701
13702 13702
13703 13703
13704 13704
13705 13705
13706 13706
13707 13707
13708 13708
13709 13709
13710 13710
13711 13711
13712 13712
13713 13713
13714 13714
13715 13715
13716 13716
13717 13717
13718 13718
13719 13719
13720 13720
13721 13721
13722 13722
13723 13723
13724 13724
13725 13725
13726 13726
13727 13727
13728 13728
13729 13729
13730 13730
13731 13731
13732 13732
13733 13733
13734 13734
13735 13735
13736 13736
13737 13737
13738 13738
13739 13739
13740 13740
13741 13741
13742 13742
13743 13743
13744 13744
13745 13745
13746 13746
13747 13747
13748 13748
13749 13749
13750 13750
13751 13751
13752 13752
13753 13753
13754 13754
13755 13755
13756 13756
13757 13757
13758 13758
13759 13759
13760 13760
13761 13761
13762 13762
13763 13763
13764 13764
13765 13765
13766 13766
13767 13767
13768 13768
13769 13769
13770 13770
13771 13771
13772 13772
13773 13773
13774 13774
13775 13775
13776 13776
13777 13777
13778 13778
13779 13779
13780 13780
13781 13781
13782 13782
13783 13783
13784 13784
13785 13785
13786 13786
13787 13787
13788 13788
13789 13789
13790 13790
13791 13791
13792 13792
13793 13793
13794 13794
13795 13795
13796 13796
13797 13797
13798 13798
13799 13799
13800 13800
13801 13801
13802 13802
13803 13803
13804 13804
13805 13805
13806 13806
13807 13807
13808 13808
13809 13809
13810 13810
13811 13811
13812 13812
13813 13813
13814 13814
13815 13815
13816 13816
13817 13817
13818 13818
13819 13819
13820 13820
13821 13821
13822 13822
13823 13823
13824 13824
13825 13825
13826 13826
13827 13827
13828 13828
13829 13829
13830 13830
13831 13831
13832 13832
13833 13833
13834 13834
13835 13835
13836 13836
13837 13837
13838 13838
13839 13839
13840 13840
13841 13841
13842 13842
13843 13843
13844 13844
13845 13845
13846 13846
13847 13847
13848 13848
13849 13849
13850 13850
13851 13851
13852 13852
13853 13853
13854 13854
13855 13855
13856 13856
13857 13857
13858 13858
13859 13859
13860 13860
13861 13861
13862 13862
13863 13863
13864 13864
13865 13865
13866 13866
13867 13867
13868 13868
13869 13869
13870 13870
13871 13871
13872 13872
13873 13873
13874 13874
13875 13875
13876 13876
13877 13877
13878 13878
13879 13879
13880 13880
13881 13881
13882 13882
13883 13883
13884 13884
13885 13885
13886 13886
13887 13887
13888 13888
13889 13889
13890 13890
13891 13891
13892 13892
13893 13893
13894 13894
13895 13895
13896 13896
13897 13897
13898 13898
13899 13899
13900 13900
13901 13901
13902 13902
13903 13903
13904 13904
13905 13905
13906 13906
13907 13907
13908 13908
13909 13909
13910 13910
13911 13911
13912 13912
13913 13913
13914 13914
13915 13915
13916 13916
13917 13917
13918 13918
13919 13919
13920 13920
13921 13921
13922 13922
13923 13923
13924 13924
13925 13925
13926 13926
13927 13927
13928 13928
13929 13929
13930 13930
13931 13931
13932 13932
13933 13933
13934 13934
13935 13935
13936 13936
13937 13937
13938 13938
13939 13939
13940 13940
13941 13941
13942 13942
```

Edit Segment 4
- raw_change_event_count: 2
TSV columns: event_time_delta_ms	raw_log_line	from_line	from_ch	to_line	to_ch	inserted_text_json	removed_text_json	edit_origin
event_time_delta_ms	raw_log_line	from_line	from_ch	to_line	to_ch	inserted_text_json	removed_text_json	edit_origin
571761	1878	3	11	3	12	[""]	["0"]	+delete
603544	1883	3	11	3	11	["1"]	[""]	+input

Local Run 5
- event_time_delta_ms: 609661
- raw_log_line: 2894
- command: "2991 5982"
Code After This Local Run
```python
n = int(input("informe os numeros"))
soma = 0 
cont = 0 
while (n > 1):
	cont = cont + 1
	soma = soma + n
	print(cont , soma )
	
	
```
Run Output
```text
2992 5984
2993 5986
2994 5988
2995 5990
2996 5992
2997 5994
2998 5996
2999 5998
3000 6000
3001 6002
3002 6004
3003 6006
3004 6008
3005 6010
3006 6012
3007 6014
3008 6016
3009 6018
3010 6020
3011 6022
3012 6024
3013 6026
3014 6028
3015 6030
3016 6032
3017 6034
3018 6036
3019 6038
3020 6040
3021 6042
3022 6044
3023 6046
3024 6048
3025 6050
3026 6052
3027 6054
3028 6056
3029 6058
3030 6060
3031 6062
3032 6064
3033 6066
3034 6068
3035 6070
3036 6072
3037 6074
3038 6076
3039 6078
3040 6080
3041 6082
3042 6084
3043 6086
3044 6088
3045 6090
3046 6092
3047 6094
3048 6096
3049 6098
3050 6100
3051 6102
3052 6104
3053 6106
3054 6108
3055 6110
3056 6112
3057 6114
3058 6116
3059 6118
3060 6120
3061 6122
3062 6124
3063 6126
3064 6128
3065 6130
3066 6132
3067 6134
3068 6136
3069 6138
3070 6140
3071 6142
3072 6144
3073 6146
3074 6148
3075 6150
3076 6152
3077 6154
3078 6156
3079 6158
3080 6160
3081 6162
3082 6164
3083 6166
3084 6168
3085 6170
3086 6172
3087 6174
3088 6176
3089 6178
3090 6180
3091 6182
3092 6184
3093 6186
3094 6188
3095 6190
3096 6192
3097 6194
3098 6196
3099 6198
3100 6200
3101 6202
3102 6204
3103 6206
3104 6208
3105 6210
3106 6212
3107 6214
3108 6216
3109 6218
3110 6220
3111 6222
3112 6224
3113 6226
3114 6228
3115 6230
3116 6232
3117 6234
3118 6236
3119 6238
3120 6240
3121 6242
3122 6244
3123 6246
3124 6248
3125 6250
3126 6252
3127 6254
3128 6256
3129 6258
3130 6260
3131 6262
3132 6264
3133 6266
3134 6268
3135 6270
3136 6272
3137 6274
3138 6276
3139 6278
3140 6280
3141 6282
3142 6284
3143 6286
3144 6288
3145 6290
3146 6292
3147 6294
3148 6296
3149 6298
3150 6300
3151 6302
3152 6304
3153 6306
3154 6308
3155 6310
3156 6312
3157 6314
3158 6316
3159 6318
3160 6320
3161 6322
3162 6324
3163 6326
3164 6328
3165 6330
3166 6332
3167 6334
3168 6336
3169 6338
3170 6340
3171 6342
3172 6344
3173 6346
3174 6348
3175 6350
3176 6352
3177 6354
3178 6356
3179 6358
3180 6360
3181 6362
3182 6364
3183 6366
3184 6368
3185 6370
3186 6372
3187 6374
3188 6376
3189 6378
3190 6380
3191 6382
3192 6384
3193 6386
3194 6388
3195 6390
3196 6392
3197 6394
3198 6396
3199 6398
3200 6400
3201 6402
3202 6404
3203 6406
3204 6408
3205 6410
3206 6412
3207 6414
3208 6416
3209 6418
3210 6420
3211 6422
3212 6424
3213 6426
3214 6428
3215 6430
3216 6432
3217 6434
3218 6436
3219 6438
3220 6440
3221 6442
3222 6444
3223 6446
3224 6448
3225 6450
3226 6452
3227 6454
3228 6456
3229 6458
3230 6460
3231 6462
3232 6464
3233 6466
3234 6468
3235 6470
3236 6472
3237 6474
3238 6476
3239 6478
3240 6480
3241 6482
3242 6484
3243 6486
3244 6488
3245 6490
3246 6492
3247 6494
3248 6496
3249 6498
3250 6500
3251 6502
3252 6504
3253 6506
3254 6508
3255 6510
3256 6512
3257 6514
3258 6516
3259 6518
3260 6520
3261 6522
3262 6524
3263 6526
3264 6528
3265 6530
3266 6532
3267 6534
3268 6536
3269 6538
3270 6540
3271 6542
3272 6544
3273 6546
3274 6548
3275 6550
3276 6552
3277 6554
3278 6556
3279 6558
3280 6560
3281 6562
3282 6564
3283 6566
3284 6568
3285 6570
3286 6572
3287 6574
3288 6576
3289 6578
3290 6580
3291 6582
3292 6584
3293 6586
3294 6588
3295 6590
3296 6592
3297 6594
3298 6596
3299 6598
3300 6600
3301 6602
3302 6604
3303 6606
3304 6608
3305 6610
3306 6612
3307 6614
3308 6616
3309 6618
3310 6620
3311 6622
3312 6624
3313 6626
3314 6628
3315 6630
3316 6632
3317 6634
3318 6636
3319 6638
3320 6640
3321 6642
3322 6644
3323 6646
3324 6648
3325 6650
3326 6652
3327 6654
3328 6656
3329 6658
3330 6660
3331 6662
3332 6664
3333 6666
3334 6668
3335 6670
3336 6672
3337 6674
3338 6676
3339 6678
3340 6680
3341 6682
3342 6684
3343 6686
3344 6688
3345 6690
3346 6692
3347 6694
3348 6696
3349 6698
3350 6700
3351 6702
3352 6704
3353 6706
3354 6708
3355 6710
3356 6712
3357 6714
3358 6716
3359 6718
3360 6720
3361 6722
3362 6724
3363 6726
3364 6728
3365 6730
3366 6732
3367 6734
3368 6736
3369 6738
3370 6740
3371 6742
3372 6744
3373 6746
3374 6748
3375 6750
3376 6752
3377 6754
3378 6756
3379 6758
3380 6760
3381 6762
3382 6764
3383 6766
3384 6768
3385 6770
3386 6772
3387 6774
3388 6776
3389 6778
3390 6780
3391 6782
3392 6784
3393 6786
3394 6788
3395 6790
3396 6792
3397 6794
3398 6796
3399 6798
3400 6800
3401 6802
3402 6804
3403 6806
3404 6808
3405 6810
3406 6812
3407 6814
3408 6816
3409 6818
3410 6820
3411 6822
3412 6824
3413 6826
3414 6828
3415 6830
3416 6832
3417 6834
3418 6836
3419 6838
3420 6840
3421 6842
3422 6844
3423 6846
3424 6848
3425 6850
3426 6852
3427 6854
3428 6856
3429 6858
3430 6860
3431 6862
3432 6864
3433 6866
3434 6868
3435 6870
3436 6872
3437 6874
3438 6876
3439 6878
3440 6880
3441 6882
3442 6884
3443 6886
3444 6888
3445 6890
3446 6892
3447 6894
3448 6896
3449 6898
3450 6900
3451 6902
3452 6904
3453 6906
3454 6908
3455 6910
3456 6912
3457 6914
3458 6916
3459 6918
3460 6920
3461 6922
3462 6924
3463 6926
3464 6928
3465 6930
3466 6932
3467 6934
3468 6936
3469 6938
3470 6940
3471 6942
3472 6944
3473 6946
3474 6948
3475 6950
3476 6952
3477 6954
3478 6956
3479 6958
3480 6960
3481 6962
3482 6964
3483 6966
3484 6968
3485 6970
3486 6972
3487 6974
3488 6976
3489 6978
3490 6980
3491 6982
3492 6984
3493 6986
3494 6988
3495 6990
3496 6992
3497 6994
3498 6996
3499 6998
3500 7000
3501 7002
3502 7004
3503 7006
3504 7008
3505 7010
3506 7012
3507 7014
3508 7016
3509 7018
3510 7020
3511 7022
3512 7024
3513 7026
3514 7028
3515 7030
3516 7032
3517 7034
3518 7036
3519 7038
3520 7040
3521 7042
3522 7044
3523 7046
3524 7048
3525 7050
3526 7052
3527 7054
3528 7056
3529 7058
3530 7060
3531 7062
3532 7064
3533 7066
3534 7068
3535 7070
3536 7072
3537 7074
3538 7076
3539 7078
3540 7080
3541 7082
3542 7084
3543 7086
3544 7088
3545 7090
3546 7092
3547 7094
3548 7096
3549 7098
3550 7100
3551 7102
3552 7104
3553 7106
3554 7108
3555 7110
3556 7112
3557 7114
3558 7116
3559 7118
3560 7120
3561 7122
3562 7124
3563 7126
3564 7128
3565 7130
3566 7132
3567 7134
3568 7136
3569 7138
3570 7140
3571 7142
3572 7144
3573 7146
3574 7148
3575 7150
3576 7152
3577 7154
3578 7156
3579 7158
3580 7160
3581 7162
3582 7164
3583 7166
3584 7168
3585 7170
3586 7172
3587 7174
3588 7176
3589 7178
3590 7180
3591 7182
3592 7184
3593 7186
3594 7188
3595 7190
3596 7192
3597 7194
3598 7196
3599 7198
3600 7200
3601 7202
3602 7204
3603 7206
3604 7208
3605 7210
3606 7212
3607 7214
3608 7216
3609 7218
3610 7220
3611 7222
3612 7224
3613 7226
3614 7228
3615 7230
3616 7232
3617 7234
3618 7236
3619 7238
3620 7240
3621 7242
3622 7244
3623 7246
3624 7248
3625 7250
3626 7252
3627 7254
3628 7256
3629 7258
3630 7260
3631 7262
3632 7264
3633 7266
3634 7268
3635 7270
3636 7272
3637 7274
3638 7276
3639 7278
3640 7280
3641 7282
3642 7284
3643 7286
3644 7288
3645 7290
3646 7292
3647 7294
3648 7296
3649 7298
3650 7300
3651 7302
3652 7304
3653 7306
3654 7308
3655 7310
3656 7312
3657 7314
3658 7316
3659 7318
3660 7320
3661 7322
3662 7324
3663 7326
3664 7328
3665 7330
3666 7332
3667 7334
3668 7336
3669 7338
3670 7340
3671 7342
3672 7344
3673 7346
3674 7348
3675 7350
3676 7352
3677 7354
3678 7356
3679 7358
3680 7360
3681 7362
3682 7364
3683 7366
3684 7368
3685 7370
3686 7372
3687 7374
3688 7376
3689 7378
3690 7380
3691 7382
3692 7384
3693 7386
3694 7388
3695 7390
3696 7392
3697 7394
3698 7396
3699 7398
3700 7400
3701 7402
3702 7404
3703 7406
3704 7408
3705 7410
3706 7412
3707 7414
3708 7416
3709 7418
3710 7420
3711 7422
3712 7424
3713 7426
3714 7428
3715 7430
3716 7432
3717 7434
3718 7436
3719 7438
3720 7440
3721 7442
3722 7444
3723 7446
3724 7448
3725 7450
3726 7452
3727 7454
3728 7456
3729 7458
3730 7460
3731 7462
3732 7464
3733 7466
3734 7468
3735 7470
3736 7472
3737 7474
3738 7476
3739 7478
3740 7480
3741 7482
3742 7484
3743 7486
3744 7488
3745 7490
3746 7492
3747 7494
3748 7496
3749 7498
3750 7500
3751 7502
3752 7504
3753 7506
3754 7508
3755 7510
3756 7512
3757 7514
3758 7516
3759 7518
3760 7520
3761 7522
3762 7524
3763 7526
3764 7528
3765 7530
3766 7532
3767 7534
3768 7536
3769 7538
3770 7540
3771 7542
3772 7544
3773 7546
3774 7548
3775 7550
3776 7552
3777 7554
3778 7556
3779 7558
3780 7560
3781 7562
3782 7564
3783 7566
3784 7568
3785 7570
3786 7572
3787 7574
3788 7576
3789 7578
3790 7580
3791 7582
3792 7584
3793 7586
3794 7588
3795 7590
3796 7592
3797 7594
3798 7596
3799 7598
3800 7600
3801 7602
3802 7604
3803 7606
3804 7608
3805 7610
3806 7612
3807 7614
3808 7616
3809 7618
3810 7620
3811 7622
3812 7624
3813 7626
3814 7628
3815 7630
3816 7632
3817 7634
3818 7636
3819 7638
3820 7640
3821 7642
3822 7644
3823 7646
3824 7648
3825 7650
3826 7652
3827 7654
3828 7656
3829 7658
3830 7660
3831 7662
3832 7664
3833 7666
3834 7668
3835 7670
3836 7672
3837 7674
3838 7676
3839 7678
3840 7680
3841 7682
3842 7684
3843 7686
3844 7688
3845 7690
3846 7692
3847 7694
3848 7696
3849 7698
3850 7700
3851 7702
3852 7704
3853 7706
3854 7708
3855 7710
3856 7712
3857 7714
3858 7716
3859 7718
3860 7720
3861 7722
3862 7724
3863 7726
3864 7728
3865 7730
3866 7732
3867 7734
3868 7736
3869 7738
3870 7740
3871 7742
3872 7744
3873 7746
3874 7748
3875 7750
3876 7752
3877 7754
3878 7756
3879 7758
3880 7760
3881 7762
3882 7764
3883 7766
3884 7768
3885 7770
3886 7772
3887 7774
3888 7776
3889 7778
3890 7780
3891 7782
3892 7784
3893 7786
3894 7788
3895 7790
3896 7792
3897 7794
3898 7796
3899 7798
3900 7800
3901 7802
3902 7804
3903 7806
3904 7808
3905 7810
3906 7812
3907 7814
3908 7816
3909 7818
3910 7820
3911 7822
3912 7824
3913 7826
3914 7828
3915 7830
3916 7832
3917 7834
3918 7836
3919 7838
3920 7840
3921 7842
3922 7844
3923 7846
3924 7848
3925 7850
3926 7852
3927 7854
3928 7856
3929 7858
3930 7860
3931 7862
3932 7864
3933 7866
3934 7868
3935 7870
3936 7872
3937 7874
3938 7876
3939 7878
3940 7880
3941 7882
3942 7884
3943 7886
3944 7888
3945 7890
3946 7892
3947 7894
3948 7896
3949 7898
3950 7900
3951 7902
3952 7904
3953 7906
3954 7908
3955 7910
3956 7912
3957 7914
3958 7916
3959 7918
3960 7920
3961 7922
3962 7924
3963 7926
3964 7928
3965 7930
3966 7932
3967 7934
3968 7936
3969 7938
3970 7940
3971 7942
3972 7944
3973 7946
3974 7948
3975 7950
3976 7952
3977 7954
3978 7956
3979 7958
3980 7960
3981 7962
3982 7964
3983 7966
3984 7968
3985 7970
3986 7972
3987 7974
3988 7976
3989 7978
3990 7980
3991 7982
3992 7984
3993 7986
3994 7988
3995 7990
3996 7992
3997 7994
```

Edit Segment 5
- raw_change_event_count: 11
TSV columns: event_time_delta_ms	raw_log_line	from_line	from_ch	to_line	to_ch	inserted_text_json	removed_text_json	edit_origin
event_time_delta_ms	raw_log_line	from_line	from_ch	to_line	to_ch	inserted_text_json	removed_text_json	edit_origin
614840	2898	3	11	3	12	[""]	["1"]	+delete
615624	2903	3	11	3	11	["-"]	[""]	+input
615910	2907	3	12	3	12	["1"]	[""]	+input
681862	2921	5	16	5	16	["",""]	[""]	+input
681863	2922	6	0	6	0	["\t"]	[""]	+input
686603	2928	6	1	6	1	["p"]	[""]	+input
687414	2931	6	1	6	2	[""]	["p"]	+delete
739030	2949	6	1	6	1	["n = int(input(\"informe os numeros\"))"]	[""]	paste
776279	2958	3	11	3	12	[""]	["-"]	+delete
777750	2965	3	11	3	12	[""]	["1"]	+delete
779357	2970	3	11	3	11	["0"]	[""]	+input

Local Run 6
- event_time_delta_ms: 781465
- raw_log_line: 2977
- command: "$ python3 main.py"
Code After This Local Run
```python
n = int(input("informe os numeros"))
soma = 0 
cont = 0 
while (n > 0):
	cont = cont + 1
	soma = soma + n
	n = int(input("informe os numeros"))
	print(cont , soma )
	
	
```
Run Output
```text
informe os numeros1
informe os numeros2
1 1
```

Submit Anchor 1
- event_time_delta_ms: 788359
- raw_log_line: 2979
- feedback: "Your code did not produce the correct output. Please, correct your code and try again."
Code At This Submit
```python
n = int(input("informe os numeros"))
soma = 0 
cont = 0 
while (n > 0):
	cont = cont + 1
	soma = soma + n
	n = int(input("informe os numeros"))
	print(cont , soma )
	
	
```

## Attempt 1

- aligned_submit_index_0idx: 1

- trace_base_timestamp: 2024-02-06T15:35:54.617000

Execution Result

- submitted_at: 2024-02-06 15:36:21
- grade: 0.0
- pass_count: 0
- failed_test_indices_0idx: [0,1,2]
- test_outcome: all_fail
- test_results:
  - test_index_0idx: 0 [FAIL]
    input: "-525\n1075\n333\n-9\n-1"
    expected: "4\n874"
    actual: ""
  - test_index_0idx: 1 [FAIL]
    input: "0\n0\n0\n0\n0\n0\n0\n-1"
    expected: "7\n0"
    actual: ""
  - test_index_0idx: 2 [FAIL]
    input: "10953\n32653\n-10953\n-1"
    expected: "3\n32653"
    actual: "1 10953\n2 43606"

Attempt Start Code
```python
n = int(input("informe os numeros"))
soma = 0 
cont = 0 
while (n > 0):
	cont = cont + 1
	soma = soma + n
	n = int(input("informe os numeros"))
	print(cont , soma )
	
	
```

Trace Timeline

Edit Segment 1
- raw_change_event_count: 20
TSV columns: event_time_delta_ms	raw_log_line	from_line	from_ch	to_line	to_ch	inserted_text_json	removed_text_json	edit_origin
event_time_delta_ms	raw_log_line	from_line	from_ch	to_line	to_ch	inserted_text_json	removed_text_json	edit_origin
0	2989	5	16	5	16	["",""]	[""]	+input
0	2990	6	0	6	0	["\t"]	[""]	+input
1167	2996	6	1	6	1	["cont = cont + 1"]	[""]	paste
2544	3001	4	15	4	16	[""]	["1"]	+delete
2686	3005	4	14	4	15	[""]	[" "]	+delete
3187	3008	4	13	4	14	[""]	["+"]	+delete
3217	3011	4	12	4	13	[""]	[" "]	+delete
3247	3014	4	11	4	12	[""]	["t"]	+delete
3277	3017	4	10	4	11	[""]	["n"]	+delete
3310	3020	4	9	4	10	[""]	["o"]	+delete
3338	3023	4	8	4	9	[""]	["c"]	+delete
3367	3026	4	7	4	8	[""]	[" "]	+delete
3397	3029	4	6	4	7	[""]	["="]	+delete
3631	3033	4	5	4	6	[""]	[" "]	+delete
3951	3037	4	4	4	5	[""]	["t"]	+delete
4190	3041	4	3	4	4	[""]	["n"]	+delete
5246	3045	4	2	4	3	[""]	["o"]	+delete
5614	3049	4	1	4	2	[""]	["c"]	+delete
6430	3053	4	0	4	1	[""]	["\t"]	+delete
6773	3057	3	14	4	0	[""]	["",""]	+delete

Local Run 1
- event_time_delta_ms: 12565
- raw_log_line: 3066
- command: "$ python3 main.py"
Code After This Local Run
```python
n = int(input("informe os numeros"))
soma = 0 
cont = 0 
while (n > 0):
	soma = soma + n
	cont = cont + 1
	n = int(input("informe os numeros"))
	print(cont , soma )
	
	
```
Run Output
```text
informe os numeros1
informe os numeros2
1 1
```

Submit Anchor 1
- event_time_delta_ms: 26864
- raw_log_line: 3068
- feedback: "Your code did not produce the correct output. Please, correct your code and try again."
Code At This Submit
```python
n = int(input("informe os numeros"))
soma = 0 
cont = 0 
while (n > 0):
	soma = soma + n
	cont = cont + 1
	n = int(input("informe os numeros"))
	print(cont , soma )
	
	
```

## Attempt 2

- aligned_submit_index_0idx: 2

- trace_base_timestamp: 2024-02-06T15:36:39.048000

Execution Result

- submitted_at: 2024-02-06 15:36:50
- grade: 0.0
- pass_count: 0
- failed_test_indices_0idx: [0,1,2]
- test_outcome: all_fail
- test_results:
  - test_index_0idx: 0 [FAIL]
    input: "-525\n1075\n333\n-9\n-1"
    expected: "4\n874"
    actual: ""
  - test_index_0idx: 1 [FAIL]
    input: "0\n0\n0\n0\n0\n0\n0\n-1"
    expected: "7\n0"
    actual: ""
  - test_index_0idx: 2 [FAIL]
    input: "10953\n32653\n-10953\n-1"
    expected: "3\n32653"
    actual: "1 10953\n2 43606"

Attempt Start Code
```python
n = int(input("informe os numeros"))
soma = 0 
cont = 0 
while (n > 0):
	soma = soma + n
	cont = cont + 1
	n = int(input("informe os numeros"))
	print(cont , soma )
	
	
```

Trace Timeline

Edit Segment 1
- raw_change_event_count: 1
TSV columns: event_time_delta_ms	raw_log_line	from_line	from_ch	to_line	to_ch	inserted_text_json	removed_text_json	edit_origin
event_time_delta_ms	raw_log_line	from_line	from_ch	to_line	to_ch	inserted_text_json	removed_text_json	edit_origin
0	3078	0	33	0	33	[":"]	[""]	+input

Local Run 1
- event_time_delta_ms: 6618
- raw_log_line: 3098
- command: "$ python3 main.py"
Code After This Local Run
```python
n = int(input("informe os numeros:"))
soma = 0 
cont = 0 
while (n > 0):
	soma = soma + n
	cont = cont + 1
	n = int(input("informe os numeros"))
	print(cont , soma )
	
	
```
Run Output
```text
informe os numeros:1
informe os numeros2
1 1
informe os numeros3
2 3
informe os numeros4
3 6
informe os numeros5
4 10
informe os numeros
Traceback (most recent call last):
File "main.py", line 7, in <module>
n = int(input("informe os numeros"))
ValueError: invalid literal for int() with base 10: ''
```

Submit Anchor 1
- event_time_delta_ms: 11413
- raw_log_line: 3099
- feedback: "Your code did not produce the correct output. Please, correct your code and try again."
Code At This Submit
```python
n = int(input("informe os numeros:"))
soma = 0 
cont = 0 
while (n > 0):
	soma = soma + n
	cont = cont + 1
	n = int(input("informe os numeros"))
	print(cont , soma )
	
	
```
